	  < 1회 ~ 100회차 로또 당첨 번호 >

1회차 로또번호: [12, 32, 37, 8, 39, 11, 27]
2회차 로또번호: [6, 38, 28, 44, 14, 11, 27]
3회차 로또번호: [18, 16, 29, 39, 42, 30, 3]
4회차 로또번호: [18, 33, 19, 35, 38, 31, 32]
5회차 로또번호: [34, 2, 15, 5, 21, 43, 29]
6회차 로또번호: [16, 30, 17, 1, 13, 24, 19]
7회차 로또번호: [2, 1, 38, 21, 17, 44, 41]
8회차 로또번호: [11, 42, 45, 44, 4, 6, 26]
9회차 로또번호: [15, 3, 27, 28, 41, 32, 4]
10회차 로또번호: [3, 10, 32, 7, 30, 33, 38]
11회차 로또번호: [35, 26, 30, 43, 6, 14, 3]
12회차 로또번호: [25, 23, 15, 24, 33, 6, 10]
13회차 로또번호: [38, 40, 28, 23, 14, 2, 12]
14회차 로또번호: [39, 19, 14, 44, 17, 21, 45]
15회차 로또번호: [41, 25, 9, 40, 14, 5, 32]
16회차 로또번호: [38, 19, 21, 20, 12, 27, 18]
17회차 로또번호: [3, 21, 44, 26, 10, 34, 27]
18회차 로또번호: [15, 34, 38, 30, 45, 37, 29]
19회차 로또번호: [19, 18, 26, 25, 30, 23, 5]
20회차 로또번호: [7, 13, 12, 40, 34, 16, 28]
21회차 로또번호: [26, 16, 6, 23, 28, 35, 30]
22회차 로또번호: [24, 22, 16, 13, 14, 19, 21]
23회차 로또번호: [42, 20, 15, 14, 38, 25, 1]
24회차 로또번호: [45, 3, 8, 17, 23, 27, 12]
25회차 로또번호: [42, 32, 29, 31, 35, 45, 22]
26회차 로또번호: [44, 22, 16, 5, 17, 3, 18]
27회차 로또번호: [18, 17, 43, 40, 6, 26, 45]
28회차 로또번호: [42, 45, 6, 3, 25, 2, 43]
29회차 로또번호: [14, 3, 8, 34, 6, 44, 42]
30회차 로또번호: [19, 2, 6, 7, 11, 32, 33]
31회차 로또번호: [14, 2, 15, 36, 35, 22, 32]
32회차 로또번호: [44, 26, 11, 19, 39, 16, 18]
33회차 로또번호: [17, 28, 33, 31, 32, 44, 35]
34회차 로또번호: [7, 30, 15, 20, 38, 37, 25]
35회차 로또번호: [44, 7, 45, 16, 10, 23, 24]
36회차 로또번호: [7, 45, 29, 17, 35, 32, 43]
37회차 로또번호: [29, 17, 35, 10, 19, 38, 28]
38회차 로또번호: [5, 23, 43, 36, 31, 32, 40]
39회차 로또번호: [10, 8, 38, 25, 41, 15, 19]
40회차 로또번호: [36, 45, 3, 11, 38, 27, 5]
41회차 로또번호: [40, 27, 45, 35, 43, 10, 17]
42회차 로또번호: [39, 30, 24, 40, 1, 9, 35]
43회차 로또번호: [28, 26, 18, 35, 15, 29, 33]
44회차 로또번호: [28, 4, 11, 38, 6, 29, 25]
45회차 로또번호: [26, 7, 8, 44, 43, 33, 40]
46회차 로또번호: [26, 43, 21, 8, 19, 7, 33]
47회차 로또번호: [18, 20, 31, 29, 33, 19, 45]
48회차 로또번호: [29, 12, 36, 4, 21, 17, 35]
49회차 로또번호: [22, 11, 4, 13, 5, 15, 19]
50회차 로또번호: [19, 25, 11, 8, 13, 37, 5]
51회차 로또번호: [28, 22, 38, 9, 45, 13, 23]
52회차 로또번호: [41, 35, 39, 23, 31, 38, 10]
53회차 로또번호: [13, 35, 43, 27, 8, 18, 38]
54회차 로또번호: [13, 40, 17, 43, 8, 25, 20]
55회차 로또번호: [16, 3, 38, 17, 39, 13, 22]
56회차 로또번호: [10, 38, 26, 17, 36, 45, 5]
57회차 로또번호: [31, 1, 12, 45, 29, 16, 20]
58회차 로또번호: [9, 4, 21, 32, 31, 8, 1]
59회차 로또번호: [40, 2, 13, 30, 39, 27, 28]
60회차 로또번호: [34, 38, 28, 26, 35, 45, 9]
61회차 로또번호: [31, 5, 26, 27, 2, 17, 8]
62회차 로또번호: [15, 17, 22, 34, 32, 30, 29]
63회차 로또번호: [14, 30, 4, 17, 6, 45, 35]
64회차 로또번호: [10, 8, 28, 37, 3, 22, 45]
65회차 로또번호: [29, 45, 8, 2, 35, 25, 44]
66회차 로또번호: [2, 10, 32, 43, 24, 3, 17]
67회차 로또번호: [2, 41, 23, 16, 43, 30, 36]
68회차 로또번호: [8, 1, 9, 43, 38, 30, 26]
69회차 로또번호: [6, 41, 20, 1, 16, 38, 9]
70회차 로또번호: [7, 39, 2, 29, 27, 45, 3]
71회차 로또번호: [24, 37, 26, 27, 34, 9, 35]
72회차 로또번호: [32, 40, 31, 5, 41, 23, 29]
73회차 로또번호: [16, 3, 9, 5, 6, 35, 34]
74회차 로또번호: [18, 33, 21, 26, 37, 23, 36]
75회차 로또번호: [28, 7, 37, 24, 21, 1, 26]
76회차 로또번호: [9, 22, 7, 36, 39, 12, 27]
77회차 로또번호: [16, 39, 26, 22, 45, 31, 35]
78회차 로또번호: [7, 34, 10, 5, 42, 43, 44]
79회차 로또번호: [37, 17, 15, 36, 41, 11, 9]
80회차 로또번호: [26, 33, 37, 34, 21, 7, 19]
81회차 로또번호: [8, 31, 12, 34, 42, 43, 37]
82회차 로또번호: [20, 5, 19, 6, 29, 18, 41]
83회차 로또번호: [37, 12, 2, 30, 39, 28, 41]
84회차 로또번호: [23, 3, 12, 6, 20, 1, 45]
85회차 로또번호: [10, 35, 22, 19, 4, 5, 15]
86회차 로또번호: [36, 27, 20, 42, 4, 14, 41]
87회차 로또번호: [6, 31, 32, 11, 23, 43, 19]
88회차 로또번호: [41, 30, 24, 28, 17, 11, 39]
89회차 로또번호: [2, 34, 31, 43, 10, 37, 8]
90회차 로또번호: [31, 2, 30, 44, 1, 33, 6]
91회차 로또번호: [4, 42, 19, 32, 1, 44, 45]
92회차 로또번호: [20, 32, 17, 34, 28, 39, 36]
93회차 로또번호: [37, 12, 18, 33, 13, 43, 29]
94회차 로또번호: [3, 38, 35, 27, 31, 17, 10]
95회차 로또번호: [5, 44, 26, 38, 27, 20, 9]
96회차 로또번호: [10, 35, 36, 31, 41, 24, 28]
97회차 로또번호: [12, 14, 33, 29, 34, 8, 2]
98회차 로또번호: [42, 33, 45, 20, 21, 38, 39]
99회차 로또번호: [19, 41, 38, 40, 9, 3, 15]
100회차 로또번호: [29, 16, 21, 36, 39, 12, 3]
